Algorithm: Quick-find
Sequence: 9-0 3-4 5-8 7-2 2-1 5-7 0-3 4-2

Initially
id[]
0 1 2 3 4 5 6 7 8 9
0 1 2 3 4 5 6 7 8 9

input: 9-0
id[9] = 0
0 1 2 3 4 5 6 7 8 9
0 1 2 3 4 5 6 7 8 0

input: 3-4
id[3] = 4
0 1 2 3 4 5 6 7 8 9
0 1 2 4 4 5 6 7 8 0

input: 5-8
id[5] = 8
0 1 2 3 4 5 6 7 8 9
0 1 2 4 4 8 6 7 8 0

input: 7-2
id[7] = 2
0 1 2 3 4 5 6 7 8 9
0 1 2 4 4 8 6 2 8 0

input: 2-1
id[2] = 1
id[7] = 1
0 1 2 3 4 5 6 7 8 9
0 1 1 4 4 8 6 1 8 0

input: 5-7
id[5] = 1
id[8] = 1
0 1 2 3 4 5 6 7 8 9
0 1 1 4 4 1 6 1 1 0

input: 0-3
id[0] = 4
id[9] = 4
0 1 2 3 4 5 6 7 8 9
4 1 1 4 4 1 6 1 1 4

input: 4-2
id[0] = 1
id[3] = 1
id[4] = 1
id[9] = 1
0 1 2 3 4 5 6 7 8 9
1 1 1 1 1 1 6 1 1 1
